11
0
10000
110001
000010 0100000000000 0000000001010
000010 0100000000100 0000000000000
000010 0100000001000 0000000000000
000001 0100000001000 1000000000110
000001 0100000000000 1000000000111
000111 1000000000110 1000000000111
010010 0000000010001 0000000000000
010001 0000000010001 0000000000000
000001 0100000000100 1000000000110
000001 0100000001000 1000000000111
000110 1000000000110 1000000000111
000011 0100000000100 1000000000110
000001 0100000001000 1000000000110
000100 1000000000111 0000000000001
000110 1000000000110 1000000000111
000011 0100000001000 1000000000110
010000 0000000000011 0000000000000
000001 0100000000100 1000000000110
011000 1000000000110 0000000000000
011001 1000000000110 0000000000000
000011 0100000001100 1000000000110
000001 0100000001100 1000000000110
011000 1000000000110 0000000000000
000001 0100000001100 1000000000110
000100 1000000000111 0000011001000
000111 1000000000110 1000000000111
010001 0000000011110 0000000000000
000100 1000000000110 0000000000000
011000 1000000000110 0000000000000
010000 0000000100000 0000000000000
000100 1000000000110 0000000000001
011000 1000000000110 0000000000000
000000 0000000000000 0000000000000
